9
774  330
513  209
602  206
663  278
540   86
589  390
395  235
492  317
689  366

27
663 278
556.334 187.333
540 86
513 209
492 317
581.0 150.0
572.66 288.663
689 366
589 390
524.334 338.333
557.66 333.33
622.34 230.0
572.34 207.0
459.67 289.667
395 235
600.0 249.331
642.666 254.0
717.34 354.0
623.34 349.667
745.666 342.0
427.33 262.33
687.0 289.667
774 330
459.6663 286.667
542.666 208.0
602 206
622.0 214.0


One line:
27 663 278 556.334 187.333 540 86 513 209 492 317 581.0 150.0 572.66 288.663 689 366 589 390 524.334 338.333 557.66 333.33 622.34 230.0 572.34 207.0 459.67 289.667 395 235 600.0 249.331 642.666 254.0 717.34 354.0 623.34 349.667 745.666 342.0 427.33 262.33 687.0 289.667 774 330 459.6663 286.667 542.666 208.0 602 206 622.0 214.0
